3227 3
808 1
2109 3
1344 0
49 4
2727 4
2974 3
2326 1
762 4
2673 2
1495 1
2546 3
970 0
1290 1
186 0
2508 1
1649 0
2231 5
213 3
1207 3
2902 3
428 1
1240 1
1560 0
2604 1
248 5
2936 0
3116 3
731 1
2794 5
1828 5
1910 5
2108 5
1829 3
2013 1
52 3
2876 4
1534 1
1376 3
2610 3
226 3
1500 3
374 3
1889 3
2167 3
2730 3
3326 3
1320 3
977 1
1580 3
2856 1
3300 1
71 3
2806 2
1559 1
1827 0
385 5
615 0
2547 1
1063 3
2187 0
2056 2
533 1
871 4
589 3
1021 1
135 1
2886 1
2373 0
2434 1
1508 3
1646 3
2058 3
899 0
881 5
925 3
1459 3
2711 5
2033 5
3101 1
2621 0
2141 3
2031 1
2763 5
917 3
2165 1
743 0
1860 4
1359 1
1054 3
888 5
914 2
1602 3
557 1
454 1
11 1
2171 5
802 4
2020 1
173 3
267 1
2826 3
720 5
2342 1
2387 3
644 1
1199 1
2227 1
3035 0
2047 3
2288 3
2021 3
1170 0
779 4
2813 3
2540 3
2221 3
1994 0
3237 1
1595 3
91 0
2534 3
2706 1
2566 5
1142 4
2922 3
933 4
1797 1
159 0
2254 2
1600 5
2867 3
960 3
301 3
1016 4
300 2
857 3
1938 3
2770 3
1133 3
496 4
2291 3
1900 3
3246 2
2022 3
1561 3
2778 3
2983 1
2157 3
1879 0
2322 0
2464 1
2847 1
2115 1
20 1
1230 1
2423 1
3309 1
84 3
1382 5
2483 3
1456 2
752 5
2502 3
3311 0
180 3
3002 3
1105 1
701 0
2001 2
2958 3
650 3
497 5
2736 4
34 3
1502 5
215 1
2486 3
1922 1
1531 5
512 1
2113 3
2746 1
255 5
1386 1
1640 3
162 3
1415 3
3287 3
1420 1
2558 3
1822 5
337 3
1728 3
661 1
839 2
238 3
655 3
2145 3
2725 3
2074 1
2241 4
1599 3
3209 3
2065 3
2487 1
2214 1
501 2
2446 3
562 3
3195 2
3109 3
2349 1
1667 1
2219 3
2897 5
1849 1
221 4
2005 5
3271 1
2028 1
3188 1
2971 1
1112 1
1225 1
645 2
1663 3
1557 1
3241 1
587 3
2848 3
897 1
2710 1
2924 1
1659 1
539 1
816 1
2428 3
3025 0
3205 3
2775 3
2754 3
1177 3
2174 5
759 1
2315 3
433 3
567 3
1576 1
1642 2
3159 3
777 1
2347 3
1549 1
3173 1
295 3
420 1
3295 1
3013 3
740 1
1138 3
2388 1
2834 5
491 4
679 3
2193 1
217 5
364 1
1678 5
2516 4
45 4
2271 3
1243 5
2131 4
39 5
447 1
774 1
1541 3
768 5
110 2
2520 4
1637 3
3299 3
1579 4
1610 5
2745 5
475 5
2029 3
2891 4
1102 4
1830 4
2319 1
3225 1
3284 2
1693 4
287 1
787 1
2599 5
3122 4
2406 1
3321 2
2583 0
2910 1
347 1
1608 1
1997 5
1665 3
1128 3
1587 0
2182 2
772 1
2393 0
550 3
2829 3
2067 3
1948 3
2456 3
245 1
1220 1
1939 3
797 3
1975 1
3130 1
2308 3
2133 0
2685 0
695 0
1188 0
2741 4
2038 4
796 4
1276 0
272 1
2739 3
2589 3
3264 1
585 1
1454 3
2625 5
617 3
489 3
809 3
2465 1
2504 2
1748 3
3088 3
2561 3
1298 3
18 3
1655 1
964 3
2925 3
1681 0
505 0
3301 0
2510 1
683 1
1754 1
2436 2
2758 2
1039 3
515 3
3218 0
1304 1
938 1
1877 1
1851 1
1066 3
1068 3
886 3
2259 2
3112 0
2837 1
1537 3
3108 1
2823 0
3146 0
2317 0
2571 0
767 3
3053 5
2451 2
1501 1
132 0
3222 0
609 3
580 3
3219 3
341 3
2268 3
1940 1
3031 1
1190 1
3308 3
408 3
2449 4
2036 2
1811 2
2118 2
730 3
170 3
2102 3
94 3
3324 3
3081 3
3027 3
2413 1
2661 5
1723 1
711 3
2957 3
1532 3
1421 3
1149 2
3047 1
176 2
1315 3
519 3
1159 3
97 1
1942 1
1341 0
167 1
3257 0
67 3
1633 3
2987 3
3260 1
2913 1
987 5
1961 5
780 4
2376 2
2705 2
3024 3
1524 3
3217 3
2642 1
292 1
1712 1
113 1
427 0
1369 1
1393 0
2416 1
1766 1
389 5
1107 1
2768 3
2220 0
2552 0
2412 1
483 5
1010 3
776 3
22 1
1506 1
1144 5
2664 5
3105 1
2236 1
2439 0
1182 1
919 1
1181 3
1274 2
1074 2
801 3
1672 1
2982 1
1577 1
2280 1
518 3
1311 1
1317 5
2923 1
3160 1
2132 1
2556 3
54 5
2869 3
1836 1
116 1
1740 1
685 3
1614 1
1029 3
1648 3
565 3
2248 3
1176 5
277 2
1468 3
2155 3
2014 3
57 3
1920 3
143 3
1397 5
43 3
181 3
844 1
2649 1
2565 1
2729 3
1026 5
2644 3
2382 1
2800 1
1845 3
1773 1
1080 3
1891 0
2875 0
2918 3
1799 3
1868 1
2306 1
2424 0
1461 3
330 3
1022 1
2257 1
2338 1
1958 0
2467 1
3175 3
1597 3
470 4
1193 3
163 3
2064 3
1701 3
105 5
855 5
1030 1
2111 3
2488 5
722 1
1171 1
1064 4
2370 1
1945 3
516 2
1044 4
2088 0
943 3
2986 1
55 3
131 1
2435 1
1908 1
2203 0
2979 5
2667 1
815 1
2379 0
2139 1
172 1
1208 2
2937 1
412 5
3057 5
2178 2
1418 3
326 2
2086 1
1168 5
3107 3
203 3
1624 3
35 1
2101 1
2602 1
2514 1
1880 1
1808 1
493 4
3136 0
442 3
3145 1
1935 1
822 2
426 3
177 3
904 3
2718 1
2138 3
1674 0
440 3
1348 1
266 4
2460 1
3274 3
247 3
1375 3
856 3
825 1
584 1
2068 1
955 3
2767 5
174 1
1974 3
2481 3
3307 3
2180 3
2822 3
392 1
2803 1
2691 2
212 3
109 3
3020 3
1666 4
209 4
627 1
185 5
540 3
2985 1
700 3
583 3
2526 3
983 3
1812 3
3243 3
1062 0
1941 4
481 2
2769 0
1233 3
1734 3
536 3
478 1
1707 1
2658 2
2907 1
1515 0
660 0
1365 1
3075 1
2362 3
17 3
2437 3
1163 4
362 0
974 1
63 3
1378 1
3011 3
1467 3
2560 3
556 4
313 2
1255 3
2997 1
928 3
1488 2
1985 1
1185 3
2473 3
3179 3
1575 2
142 3
2697 5
1328 1
546 3
1882 3
2017 1
2316 1
1075 1
2893 3
817 5
30 1
2941 3
755 3
391 3
2734 0
60 3
1187 0
3212 1
335 2
8 3
996 1
1195 1
2756 1
1644 1
3197 1
2444 1
1067 5
2978 3
1990 3
1928 3
444 5
2820 1
1721 2
62 4
383 1
2032 1
2773 1
2636 1
514 1
2577 0
1656 3
2747 2
1433 2
2998 1
3100 1
1535 1
1558 0
742 0
2000 1
1360 0
1408 5
3072 1
1122 2
1713 2
2244 1
1398 3
1215 3
3215 3
2942 3
3298 3
499 4
1057 4
151 1
1927 3
2830 1
588 1
577 3
230 3
2927 3
1449 5
1980 3
3038 3
2588 3
771 3
464 3
2851 1
1197 4
2450 5
1477 3
2812 1
2418 0
2311 1
368 1
1312 1
2874 1
1638 1
3126 1
439 3
2327 3
980 3
2336 3
2043 5
608 1
3161 0
1858 3
257 3
271 3
647 3
1683 3
669 0
819 1
945 3
164 0
596 2
506 3
1444 1
2053 5
586 5
1934 1
3 1
1491 1
193 0
1017 3
3115 0
667 1
305 3
1434 1
2905 0
146 0
1127 5
2717 0
1169 0
1072 3
511 3
482 3
3278 3
750 4
956 3
3063 1
1825 3
2107 5
1654 3
592 2
2273 3
2993 1
2857 5
2095 1
1777 1
1120 5
916 5
2163 1
53 1
2938 1
183 3
1364 3
2440 3
2953 3
1946 2
1613 3
315 1
2911 5
355 3
2389 3
2538 3
2592 3
1650 2
686 1
2728 2
1085 3
231 3
854 5
1191 3
1100 1
3315 4
1428 1
530 1
1806 1
2334 0
448 5
2980 5
1717 5
1590 3
2232 3
1966 3
1370 3
2234 4
2159 1
1395 3
1326 1
3206 1
1400 3
1368 1
2179 0
1109 3
2838 3
1612 3
2202 3
2972 3
2205 2
2082 2
461 2
122 3
1874 3
3012 4
2002 2
1675 2
979 5
490 3
1604 3
638 5
2901 3
3248 3
2361 3
1978 3
2600 0
3262 3
3230 3
811 2
2553 1
2255 3
2523 1
2963 3
2639 3
2114 1
3131 3
3259 0
2090 3
3268 0
417 5
2490 1
2374 1
2283 5
1059 3
2653 5
975 5
2225 1
1627 4
721 4
436 5
395 3
2732 3
244 0
1439 5
922 0
2844 5
1823 3
1883 1
1046 3
2696 1
1905 1
407 1
1617 1
1221 1
1742 1
316 3
2539 2
3279 5
2323 1
1238 1
1929 4
2615 5
3082 1
636 2
1081 4
2984 0
365 1
375 3
1432 1
2050 1
2269 1
2618 3
1363 5
240 3
283 2
2864 2
1937 3
2699 1
2607 3
1689 3
1780 3
1048 3
3114 1
2097 3
1899 3
2084 3
1496 3
624 3
703 4
3121 3
3052 3
1216 3
2842 2
2883 3
2518 1
2594 0
883 4
1771 4
6 3
331 3
372 1
1318 1
1489 3
712 3
851 1
1949 3
236 1
717 3
2415 0
1385 2
192 3
2212 5
2804 3
778 3
2100 4
1987 1
2071 2
1719 2
413 3
1372 0
3181 0
664 3
1519 1
1282 3
50 1
168 1
2201 0
2076 3
961 3
1924 3
1844 3
2877 3
971 3
480 4
379 3
134 1
3165 3
211 3
2676 3
336 5
306 1
792 5
1053 3
2543 3
524 3
1306 5
1779 1
2023 1
2287 1
3200 0
508 3
1743 3
523 1
1669 1
2136 1
69 1
3220 1
274 3
2196 3
1231 5
2359 1
1186 0
2289 5
936 0
2865 0
739 4
1881 5
682 5
1265 3
2215 0
1643 1
1292 0
1268 3
1447 4
2569 5
1224 5
1345 0
846 0
590 4
262 2
709 3
1073 5
1392 5
124 0
805 1
441 0
2263 0
28 5
756 0
492 0
2541 0
2150 0
2080 4
1843 2
1087 0
757 0
951 0
3141 0
3250 5
2285 2
853 5
2103 5
2034 0
1492 5
3162 0
2442 5
603 0
541 5
1302 0
1462 1
642 1
2817 5
2330 2
1015 3
560 5
2085 0
2975 0
1709 3
1702 0
892 5
1338 5
485 1
2737 4
2394 1
1897 0
2208 3
568 0
3164 3
3089 5
2943 0
2140 5
2916 0
1859 3
2716 5
1546 0
2025 3
2701 0
3083 0
710 0
2887 5
3247 3
2912 5
2355 2
3176 5
2356 2
1810 2
95 0
2548 5
1212 0
1242 0
1448 0
1047 3
2964 4
654 0
3177 0
1061 0
852 2
1350 0
3236 5
1691 5
2142 4
918 2
1503 1
3294 1
905 0
845 0
2951 5
704 0
1118 4
3184 2
1271 0
2915 5
1223 2
1438 0
3239 3
3073 0
2563 2
887 5
924 5
2752 1
24 0
1885 0
1758 4
1864 0
332 0
2881 5
2218 0
1330 5
1377 5
2719 0
1323 0
402 5
1834 1
2591 5
2742 0
1252 5
161 0
1517 2
2062 0
1286 2
3069 0
68 5
1173 4
2608 1
1770 5
991 5
1204 2
303 0
2507 4
3129 0
968 5
1761 0
111 5
3319 1
2242 5
1583 1
1082 5
2429 1
2674 0
861 5
1301 5
1213 0
1547 0
2360 5
1325 0
197 1
1554 2
279 5
2889 0
3104 4
1603 2
1739 2
2930 1
894 2
990 2
139 5
415 2
344 5
2463 0
1772 1
2675 0
2094 4
352 5
382 5
1160 0
2796 1
2704 2
1309 1
1578 0
153 2
2226 2
235 1
3051 5
2325 3
1399 0
445 1
2421 5
1201 1
2272 0
3322 3
3070 1
290 4
769 2
958 2
2096 3
2135 2
1141 2
3320 1
2512 4
1921 2
2078 1
1261 2
307 2
2858 0
381 1
673 5
477 0
3318 1
1816 1
2522 1
1676 2
2738 3
87 1
2750 2
2626 0
2134 4
1556 1
1585 1
2340 3
218 1
2969 0
3233 2
3327 1
1148 5
311 0
265 1
2154 0
1892 1
748 0
2295 0
1346 2
2871 0
1070 5
1817 0
967 0
2755 1
1752 2
3077 2
2185 4
188 0
2557 0
2530 2
1272 1
250 2
2682 2
867 1
1480 0
1819 5
915 2
48 5
803 1
1514 1
3210 5
1513 0
988 2
2496 5
1876 5
200 1
2809 2
3293 1
841 1
912 1
957 1
3046 2
41 0
2350 3
2659 5
103 0
2529 1
1114 2
2264 2
623 2
33 0
1455 0
503 5
1976 4
876 2
1815 2
812 2
2335 2
3110 0
634 2
99 5
832 1
2620 2
2509 0
621 2
552 0
3127 5
2282 0
2920 5
2657 1
1507 5
304 5
2402 5
310 2
1471 5
160 5
187 0
3152 0
1796 1
1965 5
1653 2
2790 2
3185 1
1028 5
1335 3
1569 5
1283 1
1175 1
1588 2
2286 2
1962 1
1414 1
1253 1
2759 2
1013 2
1162 1
1380 2
1310 2
403 5
264 3
1964 2
356 1
2956 2
1453 0
401 4
2950 1
2692 5
229 1
718 0
2044 4
1313 5
222 4
189 4
259 5
2247 4
3166 5
3223 5
880 2
570 0
940 5
1334 5
3138 5
573 5
1855 5
2977 4
2497 5
2249 5
981 0
3156 5
3133 0
3291 1
1025 5
1441 5
1696 2
1235 5
2765 4
3086 5
2660 1
725 2
2235 1
1716 4
2567 5
1807 4
246 1
963 3
1726 0
2484 0
1923 0
2339 0
474 0
837 0
2217 1
2332 0
828 1
527 5
652 5
1902 4
1673 0
1957 0
1878 0
1104 0
59 0
1451 5
2443 5
1936 5
2831 5
2656 1
1110 0
2853 4
2945 3
2684 4
1824 4
178 0
942 0
2267 2
1475 1
2081 3
471 2
1751 2
1463 2
2073 1
263 0
418 0
3312 0
3134 5
1098 5
2836 1
1699 4
684 2
2948 2
734 2
2099 2
640 2
3040 3
2788 5
228 0
502 0
2678 5
3310 0
121 4
419 0
342 0
2531 2
1680 2
838 2
2112 0
3062 0
463 5
763 2
2250 2
2818 1
237 2
260 2
1837 2
1664 5
699 4
3032 1
908 2
2670 4
3059 2
2455 1
1172 2
488 0
1403 1
1333 0
674 2
1234 2
2779 1
564 0
714 0
2627 1
2544 0
1051 4
3169 3
2341 0
2125 0
923 0
2363 0
1179 2
216 5
2006 2
1805 0
1510 5
1607 2
1125 2
3087 4
1504 2
1121 0
3193 5
1083 5
637 0
1281 5
3137 3
2888 0
543 0
149 0
1760 0
3054 2
72 2
879 2
223 4
969 2
1232 0
1405 0
1833 0
2170 0
140 5
2751 1
2054 5
2128 5
2791 4
3065 1
1189 5
2040 1
2433 2
761 2
1618 3
1165 1
1511 5
2177 5
3030 5
2712 0
2292 1
1483 3
1247 0
1035 0
2536 2
1930 0
843 0
2622 0
3079 4
1972 4
947 0
1287 0
1525 0
1641 0
1769 2
325 2
2035 2
1011 1
708 0
2129 0
930 0
1478 0
3016 5
1662 2
2629 2
58 0
2500 2
1211 1
566 2
2307 0
2009 0
2777 5
639 5
2419 4
3265 4
384 5
534 0
2211 5
2337 4
2586 5
88 3
814 3
1490 1
896 5
3044 0
2903 2
2517 2
73 0
972 5
3199 2
1632 3
1254 4
1134 2
2573 0
80 2
754 5
513 2
2959 5
656 5
823 5
249 1
2168 1
1486 1
1316 2
1983 2
1529 5
294 1
1620 1
3163 5
1280 5
83 5
2939 1
3007 1
1164 0
416 0
2461 0
1299 0
2584 2
2260 0
1143 0
2735 0
744 0
3074 0
1209 2
31 5
1183 0
1119 2
432 0
2321 0
694 0
2320 0
2252 2
435 2
962 5
92 0
256 3
2123 0
3058 0
1887 5
3224 5
1476 2
2161 5
2896 1
1867 5
3170 0
468 5
2491 0
2396 0
1787 0
2344 1
1390 0
3144 5
179 4
820 0
1251 5
1782 5
1153 1
1088 5
2371 1
2825 2
1196 0
605 0
1205 2
2994 1
3235 1
2333 5
100 3
2016 5
3275 4
3253 2
351 2
3068 5
2579 5
314 0
1970 1
2511 0
1977 1
2466 5
668 1
746 5
1850 5
2151 1
107 1
2245 2
2843 2
727 2
154 0
2505 0
696 2
966 3
2426 2
1586 1
3207 1
3297 0
1865 5
2898 5
804 0
2329 2
618 0
1804 0
3226 5
280 0
1509 0
358 5
1873 0
1826 5
350 4
2908 0
2075 4
318 0
551 5
2176 5
2110 2
2934 1
233 5
666 0
1222 2
42 2
1670 2
2198 2
201 2
2991 0
2947 2
2785 2
1383 5
3037 2
2798 2
2293 2
676 1
2061 5
950 5
1117 5
613 1
1704 2
79 0
3204 5
3214 3
317 0
44 1
2811 0
2686 5
1774 5
1319 5
1273 4
3305 0
2057 5
2808 5
2506 5
1625 5
2083 5
1023 5
239 5
253 5
1841 2
2894 1
944 1
2305 5
865 5
3216 5
1951 5
978 4
3076 0
2152 1
297 2
2663 0
2042 0
2158 1
1755 1
1875 4
1551 2
2309 0
895 4
2501 3
821 5
1895 2
1789 1
2609 0
1001 0
2079 2
1968 2
207 1
1918 5
3106 5
1106 0
205 3
948 3
2668 2
1006 0
2783 2
581 0
863 0
663 2
495 5
1008 1
1803 5
2570 1
2665 3
155 1
2824 2
877 2
1009 0
2447 5
3171 1
2537 5
1038 0
2160 4
494 2
93 2
2647 2
1820 5
3050 1
1266 5
707 0
2981 1
2189 4
1981 0
2931 0
995 5
1198 0
2304 2
985 1
2206 1
399 0
2793 0
2515 5
3289 2
1096 0
1426 0
1952 0
1765 5
954 5
3093 0
1550 0
2213 2
1269 2
1635 1
3186 5
51 5
1407 5
715 2
3043 5
1343 2
2120 0
2595 1
2617 0
453 2
4 1
224 0
3228 2
1745 2
1347 2
319 2
1217 2
61 2
941 5
1694 2
2474 3
284 3
931 3
1145 2
1724 2
2092 0
3221 3
2261 3
3099 1
182 0
998 1
126 2
847 2
234 5
599 1
1747 4
1998 4
1784 4
2532 0
884 2
400 4
2707 1
890 0
1528 5
1700 0
520 0
2870 3
1469 5
1237 2
1818 2
2299 2
225 5
1055 4
386 0
1296 5
210 2
1652 2
2792 3
1003 0
1487 3
148 0
199 1
1871 1
3211 0
535 2
1000 3
687 3
3190 2
145 2
2251 1
1953 4
2519 0
1730 0
572 1
528 0
206 1
202 1
1236 1
3242 2
2744 2
1435 0
1714 3
1332 5
934 5
1677 2
1926 1
1866 0
1084 0
2549 0
1050 0
376 0
840 4
2879 0
622 0
450 2
1901 2
2153 2
3026 5
2458 5
2648 1
1411 2
2345 5
208 0
3017 2
2296 2
282 0
2650 0
1574 2
1798 0
2669 5
2932 0
3194 3
3153 5
680 3
1626 3
1123 1
1158 1
1174 0
2640 2
2840 5
1288 5
2162 0
2968 2
2564 2
2967 5
487 5
1270 1
396 1
102 0
405 1
1436 4
1756 2
2995 2
1037 2
276 1
169 5
525 0
2188 0
2209 2
1278 5
2757 5
3033 5
377 2
2605 4
320 5
1424 0
716 5
78 1
602 5
3150 5
2542 5
367 5
2346 2
810 5
3290 1
532 4
3254 5
1591 1
3008 2
833 4
1097 3
2533 3
789 0
3263 5
66 0
2024 0
261 0
3172 1
125 0
1020 1
1419 4
2277 4
2408 2
909 5
133 5
1130 5
575 1
2222 1
965 2
1358 2
2089 2
484 2
984 2
476 2
2164 2
2059 5
1481 2
1293 2
286 0
2493 0
1150 3
2147 4
1 5
2070 5
1705 1
3168 1
2996 1
2885 5
3234 5
2173 0
903 0
1584 2
2186 1
824 2
842 5
3005 5
2601 4
1668 4
2562 5
2976 1
1004 2
1757 2
2641 0
626 1
1688 0
2677 0
3113 3
553 2
227 5
459 0
1661 1
1621 5
3245 1
2037 0
1548 0
3256 0
127 2
2420 2
1355 2
1840 0
723 2
2805 0
1157 2
3158 2
3229 2
3111 0
1512 0
579 0
1391 2
675 5
2358 2
1374 2
1416 1
3231 1
2582 1
2960 3
3288 1
1715 1
510 5
1203 2
2572 2
889 1
2069 0
328 2
269 5
765 5
2731 3
3022 0
2807 2
128 5
37 5
1916 4
1227 5
2405 1
563 3
241 3
2576 5
421 3
1257 1
2787 1
3009 2
3273 0
275 4
1362 2
3196 5
86 1
1783 2
1308 2
2314 0
312 0
1161 0
1437 5
2417 1
370 0
2906 0
2593 0
606 0
118 2
2833 2
2228 2
2357 2
2578 2
1762 2
3098 0
3182 5
549 3
2492 1
2815 0
747 1
2789 2
1060 2
2721 2
1002 2
46 0
3080 2
3003 2
2702 1
298 4
1132 5
2478 5
2116 5
166 5
2740 3
343 5
689 0
741 3
3056 0
1226 0
1853 0
64 5
1321 4
1367 4
2046 4
1898 2
89 1
913 3
47 2
2233 1
472 1
939 2
3192 1
191 0
437 1
1847 0
641 5
643 1
1776 3
422 5
1581 5
2127 1
1786 1
340 0
3000 0
3252 0
2832 0
3049 0
85 0
2290 0
1735 5
632 5
2904 5
452 5
1246 5
3285 2
1861 5
430 5
1733 4
1872 3
2301 0
1219 1
1682 4
2117 5
2194 0
1250 3
578 4
1129 3
1628 1
873 1
834 2
901 4
1443 5
1695 0
3167 5
1609 5
2555 4
878 4
2892 4
2253 5
836 3
345 0
2723 5
2835 0
2634 5
2733 0
2859 0
835 5
1907 3
735 5
1457 5
3202 5
719 0
630 0
1601 1
1409 5
1831 0
544 0
910 0
2781 3
1645 0
2060 0
3306 0
1630 0
1781 1
2438 5
1564 3
1933 5
2377 0
1969 3
1598 5
2581 0
195 3
2378 4
3317 0
232 0
1692 0
1103 5
409 1
728 3
1277 1
1499 5
2302 1
26 2
648 0
1979 0
1497 1
2698 5
2368 0
165 4
2 5
921 0
2652 0
1795 0
2802 2
504 2
1484 0
147 0
531 0
783 1
2411 2
3132 0
2003 2
1285 0
2494 0
2528 5
597 1
1563 5
333 5
1147 5
2106 0
1545 0
1018 4
98 2
2784 5
2026 5
1722 0
1470 5
363 0
2961 2
2479 0
1555 4
1984 3
1919 0
662 4
114 3
3023 0
1884 2
3276 3
2275 5
466 3
693 0
1425 2
2585 1
1137 1
3091 0
2156 2
242 5
697 1
548 0
3314 1
2149 5
1295 4
3034 5
273 0
3078 0
15 0
1616 0
619 5
2430 0
2041 0
2007 5
1267 3
2119 5
1775 0
3281 5
2623 1
3296 4
1960 4
698 0
3097 5
1571 2
2590 5
775 0
1565 5
157 0
2469 5
460 5
12 1
10 5
1218 1
1036 4
1955 0
194 0
2855 3
1738 0
2258 2
2797 2
522 2
219 0
3157 1
906 3
3269 1
2425 0
3147 0
115 4
1698 2
2810 2
1336 3
2331 0
986 0
1909 3
1289 0
500 4
1241 3
1065 1
2459 0
2384 3
2386 2
2279 1
2471 3
2457 1
2104 5
2300 1
1005 1
3302 4
688 5
521 5
3125 2
3198 2
1284 5
2197 0
1052 0
369 1
872 5
2256 5
77 2
595 0
1518 5
2353 3
1505 5
2524 2
2799 2
309 3
1992 1
3021 1
2230 3
108 2
2172 0
1214 5
1324 0
3283 3
1032 5
198 2
3006 5
1430 4
559 2
281 5
1136 2
2410 1
610 1
1793 1
2448 2
65 1
1431 5
2048 2
1753 1
1631 0
3292 1
1042 0
547 4
3066 2
3143 2
137 2
2580 2
2432 0
2399 5
2597 0
2989 2
1264 5
2999 5
123 3
2766 0
184 0
2861 2
2098 2
1736 2
338 1
593 2
537 3
1263 4
1466 5
891 2
1544 5
1658 3
3120 3
2635 2
3103 5
2239 3
1869 2
1950 2
773 3
3019 1
1963 3
2403 3
870 3
1651 1
323 0
850 4
1090 3
569 1
2909 0
2828 2
598 1
27 3
1422 3
2952 0
705 5
3151 2
3244 5
798 1
902 2
2452 4
458 1
3191 1
119 3
2192 1
1401 5
2266 5
538 3
2878 5
243 4
671 2
2681 1
2195 0
2643 2
1305 0
786 5
1166 0
2786 4
190 1
90 5
1086 1
1846 0
359 3
2278 0
1262 0
2753 3
2093 5
2862 0
1322 0
2427 0
1427 5
1239 1
2680 5
900 5
373 1
807 5
2946 4
404 4
1077 0
860 4
96 1
1593 0
2795 4
3084 0
1076 5
3277 1
1711 5
1353 1
1959 0
1387 0
604 5
2655 1
633 1
2708 2
999 4
2940 4
1967 2
1331 2
2191 0
2404 1
2441 0
1229 0
2313 4
729 1
2262 1
324 5
354 1
2611 0
2743 0
81 3
1567 3
1917 3
2124 0
1790 0
3028 0
1031 2
2015 0
3045 4
378 3
1384 1
1991 1
1566 3
2476 3
353 4
3154 4
2690 0
2372 1
112 2
1785 2
1671 4
1450 0
2919 2
2200 3
1101 2
410 0
672 0
346 1
1043 2
2654 5
2351 0
424 4
1852 4
2816 1
1404 4
1417 0
738 0
874 4
1357 2
2671 1
3316 1
1007 0
2646 2
1741 1
2841 3
2409 2
411 1
1442 0
2764 0
893 0
3061 5
2391 0
659 0
1530 0
1582 0
2575 0
1832 0
1091 1
3174 0
1791 0
2276 4
13 2
1139 5
758 0
457 0
2383 0
2917 1
831 0
1458 5
3095 5
348 0
204 0
1802 0
625 5
2574 3
3303 3
788 5
1156 3
1410 0
2637 2
1686 0
3067 0
2027 4
2485 3
2651 3
2367 3
129 3
2369 3
2882 3
3201 0
2689 0
371 4
1687 5
2819 0
2914 0
3267 0
1194 2
1045 5
2645 5
3251 2
1351 5
554 0
1759 1
2596 1
2933 4
3119 4
2216 4
3018 1
76 5
1894 5
2966 4
3014 0
9 5
2294 5
982 5
214 3
398 5
601 3
2066 0
849 0
2700 4
2926 0
1381 4
296 0
2990 5
16 5
3085 0
1592 0
3055 0
2895 0
1634 0
455 3
2477 1
2628 2
1522 0
130 3
2398 5
1151 1
949 5
829 1
1854 2
1520 0
2619 0
2303 0
1279 5
1056 1
251 1
1178 2
2489 1
3064 5
3325 0
1750 5
1890 5
706 3
2207 5
1303 1
2527 0
770 0
2880 0
830 5
2850 5
2223 5
1562 1
2900 1
1291 5
1768 0
1069 4
989 3
1862 3
1720 0
2872 0
2688 5
1622 3
387 0
1870 3
70 1
1732 2
2782 5
1690 0
2091 0
1024 5
862 0
14 4
498 0
2726 2
3092 3
1536 3
270 2
1440 2
2954 1
2780 3
3039 0
443 4
7 0
2970 4
1731 0
670 3
1352 5
465 0
1838 2
2364 4
582 1
1294 0
677 3
526 2
1596 0
875 0
1988 1
2122 2
3015 1
2087 2
2928 0
2715 5
2395 1
937 1
2019 1
2860 2
1778 2
806 0
1800 2
1493 5
3142 2
1095 2
653 2
1012 2
1710 2
859 4
1089 0
1543 0
635 0
150 5
2055 5
1708 1
542 5
2662 0
994 4
571 1
760 5
1594 5
104 3
827 3
1801 0
1446 1
1498 1
390 2
175 2
1245 5
1703 1
1014 1
2598 1
631 5
1737 4
885 1
3102 2
2606 2
1973 3
1307 5
2039 5
2890 0
692 3
2445 1
308 5
1094 1
898 5
973 1
1092 2
3304 4
1155 2
3135 5
1813 2
1111 2
40 5
2827 0
2849 5
1482 4
2462 4
2181 4
3187 3
993 1
1886 1
1971 4
594 1
691 3
1124 1
1729 1
2354 3
2863 1
3060 0
2480 0
751 2
2612 0
1249 3
929 2
2568 2
907 4
2683 2
2175 2
1611 2
1192 2
2190 0
2866 0
2407 0
1445 1
302 2
2030 5
1327 2
1911 2
1744 2
3029 3
2265 3
1888 5
1718 5
616 4
576 5
1623 1
1619 2
2666 5
1019 5
736 5
3071 3
1413 3
451 0
3313 0
1394 1
1034 4
1206 4
288 2
2224 1
1943 2
2431 2
1896 0
3123 2
1568 2
2169 2
2184 1
1248 5
360 5
2397 1
1033 3
764 2
1606 1
3139 1
2352 2
1912 1
473 5
2679 1
1078 0
449 0
2694 4
665 1
2587 1
1539 2
2318 3
1244 3
268 2
2821 2
1354 2
611 2
36 2
1746 1
1027 0
1040 1
2328 1
1913 4
1986 2
2004 3
1200 2
1361 5
2761 0
3124 0
3180 0
2672 1
1848 1
3096 5
456 0
926 3
1639 1
826 3
795 3
2072 0
446 0
766 0
2130 0
2422 1
1857 5
1906 2
507 5
278 1
2018 5
1914 3
620 3
3261 5
2166 5
1479 5
2551 4
1764 1
992 5
2535 4
791 4
781 4
2365 5
2243 2
3004 2
479 5
2687 0
3232 3
1340 0
393 0
1379 0
848 5
749 5
1300 5
2063 0
19 1
1809 1
1140 0
818 1
2955 0
2762 0
2921 5
790 0
1684 0
1184 5
713 0
629 0
406 5
2051 0
600 0
2724 0
2008 5
976 2
1540 4
429 2
1429 0
2748 2
2714 2
361 1
2992 2
794 4
911 0
2631 0
2720 4
2499 4
2324 0
1356 5
1135 1
2137 2
1099 5
2298 5
106 5
2146 2
1727 2
726 1
29 3
2390 3
3255 3
3183 3
2105 5
866 4
397 0
1259 4
329 0
3203 5
2873 4
289 0
1071 3
2470 4
800 4
1947 2
2603 1
322 0
2045 4
2709 3
1452 2
2722 2
649 2
1521 5
1494 1
1523 1
1932 2
1697 2
158 1
3094 3
813 1
434 1
2713 4
545 1
1058 0
1931 5
1533 3
2846 0
591 1
1314 1
1275 0
21 4
2852 0
558 0
1903 1
868 5
785 0
1615 2
628 2
2503 3
2148 1
2929 1
138 4
2962 0
997 2
959 2
5 5
2049 5
3118 2
509 4
3149 0
2482 2
3238 0
2284 2
462 3
3323 3
1373 3
651 0
2949 0
2121 0
2703 0
1956 2
32 2
349 3
2545 1
1725 2
2760 4
2297 4
2010 4
1258 4
2240 5
2630 4
1464 4
2381 5
1660 0
1180 0
2392 2
3189 5
2144 5
2012 2
3266 5
220 3
423 4
1423 0
291 1
2772 0
702 0
2414 2
574 2
2550 2
2884 2
2776 5
1573 0
1814 4
1925 5
1954 0
1412 5
1763 0
293 5
1995 5
357 2
3258 2
3280 3
2944 2
56 5
732 5
2749 2
2613 2
2454 2
2204 5
1552 3
2312 4
1297 2
299 3
2375 5
1856 5
3010 2
1049 4
1093 4
1794 4
1993 3
2614 1
82 1
2472 4
1154 2
1460 2
2616 2
254 1
3001 1
285 2
1842 3
1636 5
2498 3
1589 2
2988 5
2274 1
2237 2
74 2
1749 0
864 2
737 2
657 1
869 0
2468 0
1516 2
1406 4
1542 0
3240 0
799 4
1167 0
1108 0
1388 1
607 3
2366 3
690 3
1396 3
3042 3
1349 3
1202 2
2559 1
1553 5
2801 3
2525 0
3117 4
2771 5
1465 0
946 0
1629 0
1115 1
2385 5
1915 4
3272 5
1989 5
258 3
2143 3
927 1
784 3
2183 0
75 1
2693 0
366 1
321 0
3140 0
658 2
3148 2
1527 0
2854 3
394 1
252 2
724 0
136 4
2229 3
3128 2
678 1
2453 5
2774 5
3249 1
2513 1
438 0
529 1
561 0
1342 0
1079 5
469 5
1893 4
144 5
3213 0
2238 0
1473 3
2633 3
3286 5
1526 5
2199 3
1792 0
733 1
1146 2
1657 0
2011 5
1228 4
858 5
1116 5
3155 0
1835 5
952 1
101 5
1944 2
1863 5
1679 5
1337 3
1982 0
3282 1
1538 2
932 2
2052 2
2475 0
1329 5
3178 5
2400 0
614 3
2935 3
2246 4
1999 5
555 1
1839 0
782 0
2868 0
1996 3
1474 4
2638 4
425 2
1131 5
2310 5
1767 5
2270 0
414 1
2899 2
2845 5
156 5
1647 1
2695 5
3090 5
1472 1
2348 4
2973 2
745 0
3270 2
1402 0
2210 0
117 3
2965 0
1113 0
681 2
2077 4
1788 0
646 0
171 3
23 5
2343 5
467 0
339 5
2380 5
327 4
3048 1
753 3
3041 0
1821 0
2839 1
1371 3
38 1
2401 5
1904 5
141 4
1570 5
2521 0
517 5
1605 1
1041 3
25 5
612 0
1210 0
882 5
2126 3
196 3
120 5
2495 5
953 0
1260 1
431 1
1572 0
1339 1
1389 5
1706 0
3036 5
2281 0
2814 5
152 1
1485 0
1152 5
