2578 0
1547 6
2357 4
2277 4
778 2
398 2
1911 1
1278 0
76 0
1235 1
684 0
1819 5
448 2
281 3
1187 0
770 0
1961 4
1206 0
2259 0
143 0
24 1
1989 4
1010 5
732 2
1315 4
2367 1
1462 0
136 2
2153 0
1428 6
1501 3
2275 0
2359 3
612 0
1625 4
973 4
377 0
761 4
1519 5
44 4
115 1
1265 2
2220 5
1576 0
1490 3
2403 4
2499 0
2050 3
290 2
211 3
1101 3
2215 2
2163 1
2653 5
2375 1
1841 5
2051 1
702 4
217 0
2257 0
570 4
1659 3
1534 2
1673 4
512 3
637 5
2450 3
2700 2
2152 0
1593 3
2430 1
1908 2
2412 0
125 4
2289 2
1763 3
1349 2
2301 0
2544 1
1463 1
361 0
487 2
1644 4
537 0
1952 2
341 4
2504 6
1312 6
221 1
1998 1
1682 0
1004 0
2024 4
1301 2
1937 2
1408 2
636 3
1980 0
216 1
1893 2
1710 5
530 0
545 0
1263 4
1995 0
967 2
492 6
817 2
1708 2
1831 1
1149 0
2463 0
800 0
863 0
2583 1
592 2
937 3
1935 2
2644 4
2180 6
287 5
1028 0
2096 0
2591 0
188 0
223 0
2086 2
951 0
1436 4
1684 5
193 1
2421 2
620 4
180 0
1928 0
586 6
2668 6
2235 2
809 2
2014 5
2523 1
1058 5
2512 0
345 0
2464 0
1991 5
1062 0
423 3
262 4
2332 3
988 3
2705 1
2626 0
1531 0
2380 0
1978 2
1036 6
1877 1
2354 6
1885 1
2366 0
2164 2
701 4
1057 5
376 1
2688 6
1369 3
2284 4
152 5
1478 0
1581 2
1121 1
541 3
2197 4
1323 0
1259 0
2200 6
2680 1
295 6
1882 0
1598 0
1106 1
2067 2
1738 3
1942 6
1261 2
1933 4
949 0
2490 5
1540 5
2465 0
10 5
960 0
2328 0
1170 0
966 6
2416 6
1725 4
500 0
755 1
914 0
2263 0
183 0
2347 0
2393 0
2497 0
83 0
335 0
1434 1
1015 5
2469 4
1498 2
2610 0
1608 4
291 0
404 3
127 6
1590 0
2496 2
995 5
2413 4
1754 3
50 3
1460 6
911 6
369 3
660 0
2483 1
2386 5
1546 0
1607 0
2410 3
141 0
1502 0
2404 0
1879 0
670 3
2372 5
330 0
876 4
325 5
658 0
1647 1
302 5
2055 0
1466 3
283 2
1220 4
897 2
730 6
2195 2
2453 1
1964 4
407 0
878 0
1606 1
1744 3
1008 0
1213 0
1457 3
1107 2
70 0
2537 3
1035 0
574 1
2169 5
2391 3
2233 1
1636 0
237 0
1066 2
2017 0
1939 0
1623 5
1955 4
1703 2
72 2
2558 4
900 2
2601 2
1044 2
1277 4
685 0
923 0
1211 3
2057 3
1475 6
1477 1
2566 3
2669 3
1039 5
2382 0
362 2
1173 0
2510 4
1766 4
1913 1
422 0
406 4
2456 1
219 3
507 0
2172 6
444 3
1506 0
968 4
791 4
298 6
1080 1
1573 5
749 0
2201 0
1610 2
2385 3
2210 6
1604 0
1503 6
2665 1
2632 3
1762 1
1467 0
15 4
2229 1
352 1
2193 2
725 2
489 2
523 2
2219 0
1872 5
1079 0
622 0
1514 2
1767 4
116 1
1076 6
976 0
36 0
1512 0
794 2
1675 0
1919 0
1388 2
1309 5
2158 6
2426 2
2278 0
1096 2
1055 6
1916 0
2568 0
411 0
854 2
1539 0
552 0
2230 0
1210 0
2329 5
1756 2
1189 0
1037 0
2493 5
1637 0
2540 0
1185 0
1241 0
1032 0
1711 4
1567 0
2659 0
385 4
2088 2
1109 5
1180 6
2239 4
1844 1
2330 2
475 0
2531 1
962 6
488 5
1845 1
2280 1
2072 0
1705 0
499 4
222 0
2627 0
862 0
1417 2
557 5
231 0
2037 2
740 0
1962 0
743 5
1863 6
1022 0
954 2
1385 0
75 1
2319 2
1078 5
2448 5
2139 0
1111 0
952 0
926 0
1858 0
401 0
1742 4
1568 0
941 4
1271 0
438 3
1089 5
1019 2
1420 6
2617 1
1564 2
2672 0
450 1
2232 5
1196 2
1806 1
919 4
774 6
2297 0
2134 6
491 2
2031 1
395 1
2563 6
1469 6
1906 3
276 0
1891 1
1468 0
1493 1
2080 0
1440 4
2276 3
520 2
1049 0
1679 0
1799 3
7 4
1092 0
959 5
2505 3
746 2
202 4
858 2
566 1
1410 3
2189 4
2670 1
2243 3
2647 0
459 1
1574 4
1974 0
2326 0
2214 4
1778 2
1570 4
284 4
365 2
873 2
2105 0
550 3
164 4
285 4
1516 4
2049 0
1108 5
2663 0
434 4
2521 3
2260 3
1244 0
181 1
823 3
877 4
2245 2
1142 2
547 3
1061 0
669 1
2394 0
909 4
254 2
2564 4
1698 5
2322 0
21 2
1167 0
2529 1
708 2
1646 2
48 4
2631 0
1550 4
2397 0
986 0
321 0
230 4
225 1
1528 1
1686 6
719 2
650 2
1184 0
250 2
1880 1
1334 2
1556 0
53 1
742 1
2022 0
1709 0
1597 6
2351 1
2085 5
833 0
1146 1
122 0
680 0
205 0
1047 0
1136 5
1123 0
1458 2
1707 2
1504 3
2373 1
516 0
2069 5
2683 5
741 3
655 3
2247 3
206 0
1748 3
107 0
1925 0
1924 5
2213 0
2420 4
1702 1
786 1
2671 4
94 4
177 0
582 4
1118 1
508 1
1239 2
9 2
1404 4
184 1
30 0
1852 4
1838 4
519 4
737 4
1488 4
2194 4
1350 4
2376 1
2254 0
455 1
1351 0
1007 2
1269 1
1233 4
1097 0
666 2
2196 3
1306 0
1409 3
1701 3
88 3
1361 3
469 2
2611 6
1117 0
750 0
715 4
1643 0
113 0
1132 1
1578 0
2547 3
2545 3
1094 0
421 1
41 6
922 6
149 0
69 0
2182 4
760 5
2695 3
477 0
1800 0
1266 5
646 0
1884 0
1115 0
1221 0
2514 0
2706 3
700 0
2590 1
1199 1
1849 0
268 0
416 1
2115 2
1112 0
2165 4
1480 0
2539 2
2457 1
320 0
2348 0
37 0
1953 0
1491 3
1538 0
1520 0
2432 2
764 4
1287 3
2238 1
476 4
2612 2
1582 1
891 2
1154 1
363 2
1966 2
2027 3
837 4
2296 2
2602 2
2251 2
614 0
2656 3
2509 4
1228 0
1750 6
627 4
82 6
2708 0
1021 4
2383 4
364 5
478 0
924 1
1629 2
2242 0
2331 0
1554 0
1077 0
1793 0
1207 0
2690 0
2701 6
905 3
1195 4
2703 1
564 0
1465 0
323 6
2636 0
133 0
1791 0
1438 3
1447 0
226 5
628 4
1295 3
1840 2
2429 0
533 3
1533 0
931 4
835 5
1448 3
1948 4
1917 1
2516 0
1551 0
1053 1
2502 0
1095 2
2021 0
2019 4
1530 1
2010 0
2107 0
1400 0
1317 2
711 0
889 1
1401 6
1737 0
1622 0
1226 1
2506 2
990 5
1030 2
1854 5
1168 2
2211 0
1232 5
1254 0
589 0
1333 0
534 5
1851 1
1164 2
1720 0
585 2
2418 0
13 5
2122 5
1950 2
2406 0
1182 0
531 1
1951 4
1083 4
1082 6
1795 0
2388 0
2226 4
2368 4
2498 1
1873 0
1976 2
2352 5
1431 5
775 0
2265 0
1886 0
1476 2
1470 4
1345 4
1090 0
1391 3
2365 0
1399 0
503 5
2252 6
2604 5
2310 5
2074 2
787 3
2643 1
726 1
1264 0
1508 5
864 5
2606 0
218 1
2374 2
2036 5
272 0
957 0
1782 2
821 4
1545 0
2409 4
1231 2
2640 2
142 1
1996 0
2628 5
2334 5
709 0
1818 3
2141 0
1056 3
2138 1
2461 2
2613 2
2043 5
2321 1
182 1
871 1
327 5
2556 1
1383 1
1781 0
748 0
2176 1
1959 3
1242 5
292 3
1249 2
956 5
157 4
172 0
1091 3
2535 4
1721 0
2341 0
1482 0
1169 5
2543 0
2131 5
306 0
851 5
1051 0
1403 3
1492 3
1787 3
1355 0
1525 0
2346 1
1215 0
1999 3
170 3
681 0
271 2
1411 0
2467 0
1197 0
729 3
834 0
332 5
1812 0
1387 3
1553 1
12 6
1276 2
366 0
1792 0
1817 2
1641 4
529 4
326 5
1422 0
344 5
436 1
631 1
1497 6
374 2
1320 2
1846 2
1687 1
139 5
2323 2
1866 5
1808 3
337 3
2087 1
394 5
1165 1
2291 3
265 0
997 0
2231 1
1204 0
1048 0
1067 4
2534 2
1144 4
577 2
1183 0
1256 0
134 0
2258 4
2040 1
277 6
2616 0
2462 4
1650 5
2179 0
1865 4
2285 3
898 1
2615 1
1783 0
935 1
901 2
1805 2
1274 0
992 2
1571 2
712 6
1392 2
1148 2
2311 2
953 2
925 2
2443 0
2657 5
2384 3
1260 5
1335 1
1134 2
2042 2
1524 0
2082 0
1523 0
1862 2
1505 5
2362 1
1842 0
2160 2
241 0
772 2
1181 0
716 2
1331 0
1797 0
1667 0
2008 0
336 3
745 3
1635 1
2707 0
2693 1
970 3
32 3
1358 2
1853 0
1424 1
2434 1
1963 4
801 5
887 5
982 4
1286 3
710 5
2053 0
1910 5
204 5
278 5
2065 5
144 2
124 2
2405 0
92 3
1270 0
1579 0
1325 2
65 3
322 2
555 5
97 2
1661 1
1145 5
2056 1
522 5
984 5
1944 6
781 5
2593 0
2159 6
994 5
2124 5
993 5
1715 1
2402 0
1626 2
1536 5
1755 2
2623 5
1770 2
1177 5
8 0
605 2
584 1
2234 0
1902 0
1453 0
2673 3
1194 5
1395 3
609 3
2090 2
1769 3
1956 2
1693 4
1313 0
1319 0
907 3
2342 3
1429 2
275 3
601 5
2191 2
2519 6
473 2
360 2
2589 1
1589 3
1296 3
2522 1
2173 1
481 0
1949 1
1511 6
390 6
286 5
1876 6
1329 6
2274 4
2007 2
621 0
1632 2
2361 5
2293 0
808 5
768 1
2315 2
1856 0
1046 0
409 0
2157 1
2192 1
2106 1
934 1
1449 0
358 2
2532 5
1892 0
442 1
1658 3
437 5
1041 5
2684 5
1859 0
2312 0
64 3
1521 3
790 0
1618 0
927 0
2066 0
2600 4
1784 3
52 3
842 3
987 6
1583 1
693 0
1483 0
1311 1
1677 5
2068 0
2133 0
820 0
103 0
1247 0
2324 5
479 6
1760 1
315 5
59 2
797 5
2634 0
2132 0
1374 0
458 5
2449 5
1757 6
819 0
908 6
2206 1
163 0
129 2
174 5
1175 2
2681 0
2136 0
665 6
318 6
2662 2
439 3
2536 6
2637 2
831 2
2305 0
1719 3
843 0
2187 0
273 1
151 0
560 0
1363 1
2119 5
1726 2
644 5
861 5
1191 0
256 3
513 6
414 0
1945 1
902 1
1443 5
109 3
630 2
2212 1
1293 5
1308 3
883 0
910 5
2399 5
1875 0
2419 0
765 5
2317 0
1437 0
1591 0
2517 3
1615 3
525 3
1887 1
60 3
1342 3
2648 5
2484 2
2524 0
1372 5
1294 5
980 1
175 2
2102 5
2573 1
215 5
1376 4
383 3
915 5
1807 5
1198 2
2186 5
1768 5
796 0
68 0
744 0
2546 2
1678 3
196 0
694 0
1936 6
2479 3
558 5
695 3
1113 3
209 2
1069 0
1252 2
2526 5
673 1
1348 1
309 2
583 3
921 1
1026 6
1346 1
845 5
1481 2
1178 0
1920 1
2433 0
2460 2
867 1
2528 1
249 5
2142 0
255 6
875 5
1330 0
464 6
111 1
885 6
2588 4
1657 5
432 1
865 2
1255 1
2422 0
482 1
2436 0
2350 1
1419 4
509 4
2261 3
1386 0
578 0
2273 1
707 1
1990 1
1779 0
824 2
1983 4
2431 0
965 5
2360 5
1915 5
1559 5
963 6
2674 3
137 3
2052 0
2063 3
540 4
1127 3
2356 3
722 5
502 4
1734 5
668 5
29 0
294 5
1561 0
506 1
943 5
735 5
388 6
1151 1
1927 4
1040 0
357 5
1656 5
494 5
1479 3
1322 6
2508 1
1125 1
346 1
329 1
1704 0
793 2
1642 2
213 0
1343 0
1001 6
1655 0
2682 0
1896 0
2363 3
785 5
2146 0
2340 0
81 0
882 4
2494 0
2144 2
2549 6
2228 5
2473 0
155 6
600 1
2679 5
1471 0
1267 3
1020 5
1318 0
2667 0
18 1
484 2
4 1
46 1
1377 6
2062 0
1967 1
1421 5
1965 6
350 2
1740 5
1500 3
1613 5
2267 1
2039 0
2255 0
783 0
212 0
308 0
1075 5
367 2
2104 2
1680 0
573 1
594 2
932 6
1379 0
886 2
2023 0
2240 1
220 6
718 0
652 5
234 0
1272 6
2579 3
1898 5
1929 3
313 5
505 1
2515 0
2571 2
1268 1
333 1
267 5
426 6
972 0
1771 4
1648 0
1340 4
1250 3
1131 0
2287 5
1938 0
593 0
86 1
688 0
339 2
1273 5
2288 2
1347 6
2002 0
1645 1
1785 5
71 5
892 5
1298 5
2113 5
2533 2
1396 2
1926 1
792 2
1630 1
242 0
1883 0
2221 0
2694 1
101 3
1371 3
2343 0
248 2
2145 3
67 4
2597 3
575 5
1034 0
100 5
2572 3
2078 3
1603 0
2100 2
881 1
511 0
1566 1
1764 1
1413 5
1975 1
2575 1
998 0
490 0
307 3
1986 3
2198 5
501 6
1192 5
299 2
1823 0
825 0
2162 2
2075 4
802 3
373 4
1305 5
2553 5
252 2
1474 0
942 0
1798 0
1179 3
1628 1
427 0
342 1
632 0
435 1
1336 5
1133 5
1366 2
2004 0
769 5
1747 5
1128 2
343 0
724 0
689 1
2116 3
607 0
106 2
2013 5
1382 0
296 0
840 3
2032 5
1339 5
2387 5
1300 0
1337 3
1977 3
1510 2
615 2
1496 3
1621 0
2414 0
2205 2
2652 3
2630 0
497 0
1065 0
929 5
1759 2
1338 3
830 2
90 6
1586 6
2438 0
2154 0
641 5
449 1
2148 6
2149 0
2203 2
91 2
300 4
1464 5
1104 4
1407 5
767 6
731 4
1275 1
989 6
2272 0
1138 4
663 3
293 1
1890 0
762 0
1821 0
1671 3
1829 0
1426 5
1794 1
1246 0
1860 2
2120 4
756 1
855 0
2618 0
1987 2
1209 0
314 3
1227 5
1981 5
2567 1
969 1
2264 0
1033 0
1124 0
2114 5
2009 5
471 3
245 5
2026 0
2171 2
2222 2
1304 0
288 5
11 1
123 3
1895 1
999 0
462 6
2550 0
45 0
2268 6
571 0
178 1
950 1
1775 0
1681 0
2624 5
1367 3
849 3
549 3
244 0
274 1
1450 0
2381 2
504 2
1153 2
1120 1
227 2
879 2
2161 0
1729 0
633 1
591 0
1587 2
1552 3
1157 1
1727 4
51 5
2625 0
691 5
1064 6
485 0
1378 1
78 1
978 5
2587 0
1735 2
526 0
110 2
1356 6
119 4
868 5
1724 3
2300 2
370 5
185 3
1060 3
804 5
2370 3
229 0
1398 6
1569 4
696 5
452 3
597 2
2686 5
2256 2
2614 4
167 0
1205 2
198 2
1969 1
2316 0
1499 3
431 3
538 3
415 2
2135 3
2542 4
2472 5
349 0
888 4
2371 1
402 0
679 5
580 0
457 5
2608 1
2294 1
639 3
1558 6
1441 3
1071 5
1381 5
626 4
2208 3
279 5
2093 1
2641 5
705 6
42 0
1415 5
224 4
23 2
1651 0
419 3
1946 4
572 1
1689 6
1549 5
1054 4
2649 5
983 0
130 0
443 2
412 5
95 1
1073 6
1130 3
2390 5
1921 4
1143 0
2676 0
1522 2
2585 5
259 0
1878 1
1864 0
446 1
2451 2
1029 6
1025 0
2271 5
179 0
31 2
210 2
2574 0
587 4
1666 3
2227 1
2030 2
920 6
2001 3
2327 6
1537 0
1359 2
1833 4
2489 3
2 6
2417 5
2029 0
2000 0
2307 5
1560 4
486 0
1665 0
5 3
2389 3
649 0
386 5
2639 0
1889 3
2127 2
2121 3
162 4
1412 0
2204 0
2424 5
653 1
2167 3
2306 4
1713 5
2527 6
2282 0
859 3
629 2
424 0
80 0
2654 0
1494 1
303 0
1741 2
1027 1
2304 5
2569 5
2006 0
2646 3
465 2
961 0
1541 0
1676 1
1023 5
1416 1
62 0
2541 5
752 3
84 5
2548 0
698 0
2480 1
2689 6
1362 3
556 2
1627 2
1208 1
2248 6
2018 5
1847 6
2137 4
2468 5
2028 5
2140 5
354 5
913 1
1857 4
173 5
73 3
1100 5
258 0
2035 3
654 3
1288 0
214 0
454 1
2581 4
428 0
56 1
1835 3
1652 3
2446 1
784 0
159 0
677 4
2246 1
1585 2
2353 2
782 5
656 2
85 5
1694 0
2570 5
192 6
766 6
975 2
2318 2
1285 0
510 0
839 6
1236 1
815 5
1059 5
2209 5
603 2
2491 0
474 2
618 5
466 3
1216 5
906 5
2441 5
1669 1
1839 5
2016 4
1237 2
678 5
2455 0
850 5
1327 0
795 2
2097 1
807 2
2099 6
1303 0
49 3
98 0
1982 4
1780 0
1455 5
623 2
1166 4
1050 2
899 0
1135 2
251 1
261 0
857 2
1324 2
1517 0
2190 4
2520 4
120 5
2308 0
408 5
619 0
981 0
569 0
634 5
114 6
108 2
2270 0
2129 4
480 4
2044 6
1685 4
1310 2
1445 5
2603 5
852 1
2048 0
1855 0
228 0
2041 5
2335 4
738 1
771 0
2562 0
759 0
1102 5
2427 5
754 0
2060 5
2046 2
964 0
153 2
79 2
822 3
1281 3
676 0
1914 5
317 1
2110 3
1283 0
1461 0
1555 0
1147 0
2266 0
1280 0
171 4
2485 0
872 0
721 6
690 0
1332 0
2101 0
1160 1
1284 1
1390 0
869 5
1043 1
940 4
699 2
27 3
1002 5
117 5
498 1
2108 5
2500 1
264 5
2077 6
2507 2
1081 5
2207 5
195 4
930 2
944 3
260 4
451 4
535 0
1691 0
561 1
2439 6
1234 5
671 0
2281 2
2398 1
1394 3
1733 3
1624 2
1746 2
359 1
1830 4
2576 3
1038 1
939 1
1692 1
2025 3
19 0
2184 0
1790 0
813 2
536 0
1402 2
1291 0
1868 5
611 0
818 0
1321 1
2094 2
579 3
1439 5
1718 0
2083 5
647 6
514 3
757 5
328 0
187 0
1161 0
2481 0
26 1
47 0
1824 5
2633 0
1507 3
61 0
393 2
1224 0
1611 0
17 1
392 2
1302 2
2584 2
1532 2
2486 0
948 0
22 3
856 5
2095 2
2629 2
200 2
2073 2
89 2
1414 5
429 0
2216 2
1584 0
104 0
2309 0
2337 5
1592 1
844 6
1375 0
568 5
1931 2
1802 0
40 1
2054 5
599 2
1240 0
2595 0
282 0
1683 5
2401 5
2474 0
1282 2
2058 2
2487 0
2425 5
340 2
598 2
1827 0
2704 5
1017 2
832 2
836 5
2395 6
2598 2
1971 5
2650 0
1000 0
105 0
2454 5
2109 3
1696 0
648 0
495 4
1723 6
297 6
1543 4
1258 5
1922 5
2355 0
1509 6
1487 1
43 6
1773 1
96 5
1006 0
780 1
812 0
2702 4
1897 0
625 5
562 2
773 5
1843 0
829 4
1973 3
816 2
2155 2
2358 4
811 5
2118 0
425 2
447 2
2045 5
602 5
1217 1
1777 3
1912 2
896 3
1697 0
2621 2
1881 2
1871 2
1314 2
1156 2
528 0
1257 0
1251 0
604 5
527 2
445 5
576 2
704 5
1688 1
2675 1
1116 1
1014 4
1834 2
238 6
1772 3
1957 1
728 1
827 0
1575 4
1663 1
559 2
1114 2
1190 4
2445 0
753 0
1432 0
1745 2
661 0
2428 0
1086 2
1869 0
1563 4
1360 1
456 0
380 5
1172 1
1822 6
1557 0
263 2
240 3
1099 1
266 3
2599 3
1526 5
1577 1
2183 0
2244 0
1495 0
1815 0
1997 6
460 0
1758 5
1433 3
2250 0
971 0
472 4
1801 3
2655 1
194 1
6 5
1905 0
1212 3
2538 5
1918 1
158 3
1736 3
2020 3
1365 2
1786 2
720 5
1052 1
659 1
468 0
979 2
814 6
2290 3
1861 0
847 1
2339 3
2459 3
1140 2
496 5
1617 2
1731 6
2580 1
918 2
2336 5
1749 0
2079 0
1163 0
1139 5
1444 5
128 2
1837 5
895 0
2286 3
543 1
1013 0
1201 2
1171 0
1743 6
2687 2
838 1
1565 1
675 6
2103 5
25 5
544 5
1548 5
2437 0
382 6
539 0
810 2
674 0
2477 1
2692 5
2295 0
391 1
2607 2
1406 2
1 5
1074 0
2511 4
798 0
1397 0
1907 0
686 3
2349 3
16 0
311 0
169 6
201 2
1672 3
2112 0
2697 5
420 3
1009 6
148 5
651 1
2658 0
331 2
1633 3
1930 2
1380 5
1722 2
132 1
2415 6
2249 0
351 2
1529 1
1900 1
985 0
1193 2
610 6
1328 4
2225 3
2685 5
165 2
1389 0
1352 0
1150 1
1867 3
2064 6
208 2
2061 2
1605 2
1662 0
664 6
2177 2
2123 5
338 2
1828 2
2596 1
389 2
874 5
1486 6
734 1
1803 5
33 4
2476 5
207 0
1958 5
356 0
186 4
1954 1
2038 0
35 1
1728 4
93 3
2699 0
841 0
304 0
324 6
381 6
1485 6
2325 0
1085 5
1354 5
1970 6
2117 6
1012 5
2698 1
1176 1
1484 5
55 5
1459 0
542 5
713 0
1714 5
2333 5
1848 5
1229 4
156 2
1393 4
2011 1
751 5
197 0
2661 6
2092 0
1562 3
1638 5
2015 6
806 0
1188 2
1518 5
1243 2
166 4
2696 0
2638 0
2236 1
74 5
1456 0
269 0
236 6
1063 0
199 3
2378 5
903 0
1904 2
581 2
2298 0
135 5
2012 5
1454 0
2292 6
1811 2
1664 2
2561 0
2466 3
1088 3
2503 1
1430 0
2217 5
483 5
147 5
1789 5
1084 5
2156 6
2635 5
638 5
1816 0
596 5
515 0
779 5
2411 0
1984 5
1580 0
2166 0
403 5
2005 5
703 2
418 5
1639 0
2594 5
1712 0
904 5
1110 0
2151 1
1427 5
727 0
1155 3
974 5
936 0
1826 0
789 5
20 0
1940 6
739 0
410 0
2003 2
2609 5
191 2
551 2
613 3
2223 6
2530 6
154 2
1810 2
706 3
1489 5
2224 5
608 1
280 5
1158 3
2478 6
2237 2
1068 5
1297 3
1515 0
2202 4
2126 0
2577 0
524 3
289 4
763 3
1238 2
1813 6
1292 2
1003 0
417 1
532 5
2620 5
239 2
1695 3
2408 1
3 0
553 0
1994 2
1730 1
2482 0
672 1
58 1
2314 4
645 1
2554 5
1700 1
2444 5
347 1
1326 5
77 0
1152 0
2513 0
1706 3
2076 6
1814 0
1452 2
34 1
2070 2
1909 0
1024 1
1341 1
2557 5
1230 2
433 0
1290 1
1612 0
39 0
2407 5
2084 1
866 0
1122 1
846 0
378 0
441 3
682 1
99 5
413 2
805 5
590 3
1716 6
1042 2
1368 1
758 4
2565 3
2170 0
301 3
1960 3
776 0
2470 0
463 2
1649 0
38 2
595 0
243 5
2379 2
368 0
1614 0
991 0
131 2
384 0
1344 0
1527 0
2440 0
2071 2
1761 0
2279 1
2364 5
493 0
1200 0
938 3
955 5
2181 0
1602 3
2423 3
1943 0
2302 2
1072 5
946 3
2582 2
1005 0
2677 4
1653 5
334 4
826 0
371 0
1016 4
1357 4
884 0
28 0
2034 3
2303 2
1888 2
1248 1
1932 2
788 2
1473 2
2475 0
996 1
2488 6
1825 2
1364 6
518 0
1137 2
400 5
1619 4
1634 6
405 4
642 0
917 2
1105 0
1832 6
112 4
1820 0
1751 0
736 0
353 6
1947 4
2442 2
1535 4
933 0
1874 5
657 3
1245 0
2320 6
1451 6
57 5
2253 0
1972 4
1279 0
1850 1
2098 2
160 0
102 2
777 0
1796 2
870 2
1353 2
467 2
521 2
1299 3
1162 3
310 1
312 2
372 0
880 5
1992 3
947 4
1219 3
1222 2
723 1
253 1
916 0
1979 5
717 5
1968 4
270 1
1031 3
1690 1
2178 3
145 4
161 0
2471 1
1425 2
2691 3
2059 5
1870 0
430 2
2664 6
2642 4
2313 1
1732 0
1225 0
548 0
624 0
1214 0
1174 0
714 3
66 0
662 5
399 0
692 2
305 0
1934 1
440 1
1129 2
1070 1
2269 5
257 0
375 2
138 5
1442 5
2218 0
2185 5
2345 5
2338 3
1595 5
687 0
1923 0
1654 2
1620 2
150 0
2147 6
1202 1
396 2
2678 0
1588 2
1901 2
2592 0
2666 6
2551 0
1384 4
118 0
2645 0
2047 6
203 0
1423 5
2555 0
1203 2
554 3
1717 0
2605 2
190 3
2175 1
146 0
2660 6
1660 4
247 0
2089 0
1544 5
1668 1
1894 3
546 0
232 2
2400 2
348 1
2622 2
2344 0
1218 5
1836 5
176 3
1788 2
1418 0
799 3
1262 0
616 0
2188 0
853 0
2199 2
848 0
2174 2
397 0
1903 2
1599 2
565 0
87 1
387 3
189 0
977 1
894 0
2241 3
1542 4
1446 6
2130 2
1640 6
2377 2
1941 6
563 2
2392 3
1103 0
1472 0
2125 2
1098 3
1774 5
517 0
2458 5
890 0
1765 6
1119 0
733 5
747 3
2525 0
928 3
1699 0
470 6
1594 0
2651 0
958 0
1126 5
2518 3
168 0
667 3
355 6
14 1
1159 0
1435 2
1223 0
1601 3
2559 1
246 5
617 0
1631 3
945 1
121 4
1596 4
1776 5
2143 0
2619 0
2033 1
1093 2
1609 3
2396 6
1045 5
2492 5
1373 0
1752 6
1988 5
1405 0
1600 5
643 1
1011 3
2168 5
1186 4
1899 0
319 6
1141 6
233 1
640 3
635 1
2091 2
912 4
567 3
1253 1
1370 3
2452 5
1316 2
461 2
860 0
2299 6
126 5
1616 3
1739 4
1018 5
828 6
235 2
453 0
1809 0
63 0
2283 5
606 0
1993 1
588 0
1804 2
1513 0
1289 2
1572 0
893 0
2111 2
2369 0
2128 0
140 1
2081 0
1985 4
2586 5
2262 1
379 1
2560 0
316 3
2447 2
683 1
1307 1
803 1
1087 2
697 2
2495 2
54 2
1753 0
1670 5
1674 5
2552 5
2150 5
2501 3
2435 0
